2413432311323 2  4  5  3  4  23 25 28 29 1  3  2  3
3215453535623 3  2  6  11 15 20 3  5  32 5  6  2  3
3255245654254 3  2  5  5  2  4  5  6  37 41 43 5  4
3446585845452 3  4  4  6  5  8  5  8  4  5  47 5  2
4546657867536 4  5  4  6  6  5  7  8  6  7  52 55 6
1438598798454 1  4  3  8  5  9  8  7  9  8  4  60 4
4457876987766 4  4  5  7  8  7  6  9  8  7  7  66 6
3637877979653 3  6  3  7  8  7  7  9  7  9  6  71 74
4654967986887 4  6  5  4  9  6  7  9  8  6  8  8  81
4564679986453 4  5  6  4  6  7  9  9  8  6  4  5  84
1224686865563 1  2  2  4  6  8  6  8  6  5  5  93 87
2546548887735 2  5  4  6  5  4  8  8  8  7  7  96 5
4322674655533 4  3  2  2  6  7  4  6  5  5  5  99 102